GSM371112	GSM371113	GSM371141	GSM371142	GSM371143	GSM371144	GSM371145	GSM371146	GSM371642	GSM371643	GSM371645	GSM371647	GSM371648	GSM371649	GSM371651	GSM371653	GSM371654	GSM371655	GSM371656	GSM372253	GSM372255	GSM372258	GSM372259	GSM372260	GSM372261	GSM372262	GSM372263	GSM372264
Lable	0	0	0	0	0	0	0	0	0	0	0	0	0	0	0	0	0	0	0	0	0	1	1	1	1	1	1	0
TNNT1	1.08614896486791	0.0803280959278419	0.334792082324457	1.28832186587436	0.473514923310119	0.0359644415775774	1.51533518326654	-0.241529641962058	1.33274764873891	0.386526435612538	0.632649015691253	-1.90807411546302	0.0717136657005072	0.818182493015686	-0.0519233692558267	-1.21608726083072	0.92868335319287	-0.125638765847848	-0.343357284907084	0.18071449286875	0.782456700881068	-0.926077853222886	-0.941645724225377	-0.470928541942914	-0.66601099241876	-2.13765496994613	-1.92526025137932	1.00610940855155
TOMM40	1.6129178989727	0.519363148868296	1.10590289454729	0.0471816137138629	-0.479189311409297	-1.00479818731302	-0.35134800787895	-0.0198296898875363	0.0217978161969523	-0.351258391619339	1.74066359162279	0.658395018214545	0.880821903204759	-0.402432069675032	-0.636449078691511	0.946605526422221	-0.237787828529057	1.82574185518843	-0.832046799302659	0.828984192140276	0.954081817160162	-1.26174125534305	-1.30294041810656	-1.04190574187706	-1.51103387948637	-1.31361882749822	-1.08463811574258	0.688560326107951
TOP2A	0.981780101193294	-0.477197525996835	0.619089054347613	0.770118526684465	-0.387681070322612	0.228975244150982	0.0272815839092106	0.663676398034817	0.15699527251443	-0.355114032552123	1.6729441342967	0.80208106078564	0.44753615378091	-0.000783249566264322	0.393304712998533	-0.184722480479413	0.723099566554558	0.527508180976752	-0.138293038583806	0.737824234174349	1.39049793002137	-0.84030089814487	-2.10095682623579	-1.0255783994692	-2.22198763735871	-1.3558246701258	-1.83190951361154	0.77763718802334
TPPP3	-0.681095585413101	-0.282555102883376	0.0676642023120091	0.436480165936469	1.30842517564662	-0.34734890719927	-0.618770573554769	-0.19876533514031	-0.831409697415042	-0.489056339727894	0.775984063995022	0.402262146767567	2.0807397877906	-0.0431054788768224	1.16979367439314	-1.68627305485987	-0.50785388294563	-0.381690879806697	0.893796930772752	2.70773870694156	-1.25244353484799	0.0241333548650249	-0.172403332708463	-0.0597367330621155	-0.357241999021957	-1.86706644365782	-0.128975877439435	0.0387745491397964
TPX2	0.910481842620964	0.0504663222421203	0.488065800598934	1.63266318656631	-0.444360125106851	-0.209866585076416	-0.207407877881601	1.07467259823777	0.0630880371935853	-0.403328867276484	1.20718381129762	0.372400029197083	0.759391216662738	-0.161137786953699	0.181585666763213	0.294672049884859	-0.0755059408272964	0.804948003006671	-0.545598985335016	0.184705941288718	1.90255844304481	-0.843324307600561	-0.828460216613323	-0.223733868472023	-0.577944331176939	-2.46565154744421	-2.59954861472803	-0.341013894112937
TSGA10	1.0658518848668	0.22044335880017	-1.06204855281698	-0.295457500434554	0.678248506271455	-1.1837616709194	0.22859805232072	-1.58933761042752	-0.293501630515031	-0.572264406072398	-0.546357390474348	-0.928459027585443	-0.558703020845689	1.34411304604996	0.626328420334267	-2.43595382149425	0.0840984497336738	-0.979911432189482	1.0213228290293	-0.529652466638209	1.27218982560209	0.47824404647585	-0.276958653869695	0.138435899717421	0.350311170423137	0.942652002456162	0.703678823013995	2.097850869188
TTC25	0.256572422078626	-1.66392974654098	-0.0396167655700319	0.335610884858912	1.27640358567114	0.282071742472837	-1.77379509112272	1.21844217093796	-0.438468004937737	-1.24967300179293	0.67127529343488	-0.239243764984829	0.453973090940849	1.14849397840971	1.73278811108685	-2.11616761794946	-0.0539061636654665	-1.87278944338929	-0.0367714626942641	0.546940173532817	-0.491191386271674	-0.117318706359202	0.138464791052993	0.407603531045779	-0.150195682375951	-0.120284623609414	0.522580953886912	1.37213073185369
TTK	0.660257738110014	-0.189704568543909	0.260473052967778	0.528555042214831	-0.326798796707862	0.549839407892797	0.339264845361117	0.179624010391423	0.546776399561267	-0.625130085612139	1.06819558721321	1.18557087585224	0.551237206758268	0.0739134551686075	0.723193151846275	0.950344632397226	0.343214229029833	0.484313605607347	-0.335983763411805	0.421724870966327	1.27777789056583	-1.38832574063137	-2.06239572912251	-0.972623520457119	-1.90047639953805	-1.52806227334699	-1.98394454291949	1.16916941838684
UBE2C	0.187338995232793	0.0267854900902966	1.07092323551359	1.39789792231194	-0.342912050779122	-0.314329644054275	0.165325540516509	0.957674566689459	-0.550905835436978	-0.7670357704071	1.05336675710812	0.476276778651636	0.928003842918959	0.740587804632199	-0.18761741054716	0.492260343093657	0.0934888830780012	1.36408961037705	-0.75768366686185	0.6304242456173	1.8265866487539	-1.39347399838991	-1.34528461668572	-0.928166850624933	-1.3194784283017	-1.67080140549037	-1.86092661686721	0.027585629860925
VNN1	-0.344252314501332	2.58769005512816	0.707011380788461	0.761435691001954	0.774028646264037	0.486891441696622	0.436595444945645	-1.72643574088292	-0.533029768435774	0.473260286058518	-1.05304267691778	-0.825931116813287	1.03914093972461	-0.610548066394736	-0.994043535083341	0.299774782334214	-1.58666786022459	-0.151759705691105	-1.3861241825654	-0.137801355113169	-0.307737083357326	1.27689129813265	-0.965167466692094	0.175334617351015	0.0507255479095204	1.72135233099419	0.161769254061022	-0.329360843717757
VNN2	0.196581225066452	-0.864620492214802	0.327657265500675	-1.23584714442796	0.217510823574497	1.03245916563387	-0.638757700245415	0.919902830835827	0.120485060999844	0.59467678125702	-0.886223507970008	-0.779517939981062	-0.840994966365766	-0.617740204461858	0.800610062289627	-0.966984361811775	0.779912458175434	0.512237480647378	1.02201360634141	-1.65115955506309	-1.05766661148417	1.12878897857179	1.38233228645029	1.42925154654292	1.54275683879938	0.319287602328746	-0.928729955219208	-1.85822157377003
VNN3	-0.194215308855039	-0.505743645156233	-0.264847339165049	-1.09449276784493	0.893945729773875	0.539913117049399	-0.820905339853715	0.960774017501376	0.488020836090995	0.362317320959745	-0.626202713226433	-0.779961011555823	-1.01409670426514	-0.391505922389789	0.688653410995916	-0.611281964576835	0.84790678366988	0.040599309472562	0.831860285158029	-1.06865630111132	-0.671205786428338	1.53402980507248	1.57943294214688	1.80776211977716	1.58747773078238	-1.18724683531308	-1.49288722292115	-1.43944454578781
VWA3B	-0.70089609294031	-0.99476401532389	-0.621863844624683	-0.866900756661862	1.7733425843886	0.668690901121715	-1.1615598213083	1.29237548438427	0.921475418851319	0.367684775264887	-0.798649777740201	-0.694644350940769	-0.628352834198834	-0.912988964885748	0.922880024390444	-0.724018130433591	0.614004085274314	-0.711367091364116	0.943216391906354	-0.986098251640383	-0.800309201569702	1.45708663798539	0.84174484582577	1.43126587293711	1.6773315929833	-1.12230885579692	-0.497961081732706	-0.688415544151441
WDR49	0.543621545472075	-0.540650703554459	-1.27394673073195	0.896520974558035	1.94350226103877	0.249442141930031	-0.989187414537579	-0.0991554212570567	-0.0193715614175918	-0.142088389984347	0.131347373332264	2.69532595606058	-0.343971990625461	-1.03489821995754	1.37886486017851	-0.486506442364427	-0.432750925230593	-1.1245092456467	1.5958719194099	0.0886124142900982	-0.300214812656186	-0.110129593087454	-0.50426611569804	-0.272569218593369	-0.831896607257956	-1.30090664739802	-0.770691339758661	1.05460193348713
WDR66	0.17654410524316	-0.785087700778962	-1.05606925569601	-0.0592347425322672	2.1730004911525	-0.478277215009922	-1.58692589950897	2.52923213355813	-0.580284588642193	-0.00690255460233898	-0.702800747635848	-1.09427399048668	0.667011025647881	1.17076007283545	1.34498011185341	-0.936800029189675	0.811327360416022	-1.06288000228902	-0.479789541600586	-0.754203997283561	-0.297352524005979	0.609293807762902	0.199747743475047	1.07805908650454	0.135221651484204	-0.680409804718817	-0.00628666128544853	-0.327598334666985
ZBBX	0.177817673218427	-1.69116834146023	-0.608438383719804	0.596324173643533	1.31587695552921	-0.173879597775501	-0.660876809399422	1.31114269842907	-1.0085128672809	-0.90972960499662	0.621040794997658	1.47063957787121	0.0367528571620677	-0.146606894595725	1.75383230109216	-1.15067108398344	-0.128118495370903	-0.789740634302202	1.38178560439126	1.0156285536359	-0.34811205584809	-0.67212132297424	-1.13015703241682	-0.0159277316971985	-1.23581838691284	-0.714426511243387	-0.0780508326480804	1.7815153966549
ZHX1-C8orf76	-0.796171826191591	-0.993234129262607	-0.861806360371975	-1.2359312303561	-0.0036135294272947	0.672918708458915	1.54922427620727	0.170440698273261	1.59694617354623	0.579871272871316	-0.271270512365153	0.46322384551681	1.4767508106858	0.619609612785109	0.326973997852131	-0.10856161109773	0.00236819667556326	0.807477105063298	-0.086035854373207	0.718756653129338	0.254538995932388	0.147974471926601	0.393987351039155	1.11200431448955	-1.95499742755192	-1.62999617397912	-2.13919743872126	-0.812250390754755
ZWINT	0.566317934713966	0.105759631249173	0.302912180474743	0.961480572737937	-0.133960325110413	-0.216936577736756	0.345546560430772	0.576430552979763	-0.0718518444361712	-0.380135163400719	1.43942127382898	0.584012735599143	0.845158209360084	0.476147258488305	0.661117331649143	0.592339024283521	0.449875377640287	0.582043157199294	-0.387834458556633	1.06682898656905	0.949703350901029	-1.38692005472592	-1.95955886508944	-1.62851222407132	-2.12683572697923	-1.52583805186658	-1.48552228561588	0.798811439483872
