"ID_REF"	"GSM1701025"	"GSM1701026"	"GSM1701027"	"GSM1701028"	"GSM1701029"	"GSM1701030"	"GSM1701031"	"GSM1701032"	"GSM1701033"	"GSM1701034"	"GSM1701035"	"GSM1701036"	"GSM1701037"	"GSM1701038"	"GSM1701039"	"GSM1701040"	"GSM1701041"	"GSM1701042"	"GSM1701043"	"GSM1701044"	"GSM1701045"	"GSM1701046"	"GSM1701047"	"GSM1701048"	"GSM1701049"	"GSM1701050"	"GSM1701051"	"GSM1701052"	"GSM1701053"
"1007_s_at"	9.57217	9.8013	9.25546	9.55221	9.47924	8.21862	9.53807	9.18347	9.14685	9.44317	9.15002	9.7514	9.83877	8.24588	9.71559	9.99269	9.76286	9.52039	9.17191	8.88157	9.80054	9.82316	8.00696	8.19362	8.1643	8.117	8.13111	8.13521	8.53802
"1053_at"	4.88825	5.35791	4.3856	4.76542	5.04724	4.64164	4.19384	4.07295	4.9933	3.76948	4.03436	4.5767	4.23364	4.51164	4.14296	3.98405	4.22871	3.8346	3.97316	4.06508	6.78461	6.67438	7.74635	7.62368	7.93	8.0499	8.16072	8.17223	8.55229
"117_at"	4.81348	4.49607	4.80718	5.41627	3.75708	3.26896	3.41283	4.59457	3.90928	3.16438	4.60932	3.92876	3.70483	4.27133	4.30241	3.35913	3.74881	3.66693	4.12829	3.33549	3.54787	3.54398	2.94289	3.1723	3.19872	3.326	3.64439	3.5276	3.16529
"121_at"	10.116	9.63114	10.1277	9.99349	10.5453	8.77666	11.11	9.88783	9.6518	10.3708	9.23821	8.39622	9.08208	7.95337	9.80426	9.6749	9.28004	9.35501	9.87584	9.62286	7.553	7.61229	9.54628	9.5359	8.89454	8.90279	8.79724	8.95136	9.01289
"1255_g_at"	1.82492	1.80298	1.92421	1.72321	1.85228	1.73925	1.95268	1.70643	1.91659	2.02305	1.63661	1.89189	1.85922	2.57996	2.03023	1.82373	1.70738	1.86102	1.79328	2.02109	1.70067	1.77129	1.59548	1.71456	1.48827	1.79063	1.82243	1.86999	1.75879
"1294_at"	7.89765	7.80773	6.8095	6.23408	7.34833	5.94211	7.1082	6.28209	6.09979	7.40084	7.64842	6.59453	7.0593	5.95187	7.59762	7.20246	6.94426	7.04304	6.73725	7.7005	5.62929	5.88726	5.7562	5.82912	4.70498	4.38956	4.38136	5.05432	5.12236
"1316_at"	4.44032	4.46891	4.74036	5.24697	5.08031	4.23964	5.21163	5.24776	4.52377	5.436	5.22328	4.36857	4.56847	4.72837	5.99834	4.95811	4.92756	4.95421	5.27576	5.29182	5.1512	5.27249	4.68252	4.67822	4.64169	4.54641	5.05372	5.06996	5.28076
"1320_at"	3.62393	2.97092	3.27066	3.303	3.77901	3.10331	3.38918	3.24656	3.00015	3.51999	3.27325	3.05395	2.92763	3.77507	3.19048	3.17168	3.37951	3.1608	3.03562	3.32215	3.91337	3.57446	3.68939	3.81135	3.22523	3.4079	3.93959	3.48866	3.67289
"1405_i_at"	4.01059	4.32305	3.66511	2.96689	3.89325	3.43971	4.5539	2.18212	2.03824	3.63598	5.23394	3.81723	4.86209	3.72692	3.82533	5.64782	6.06506	4.70644	4.68068	6.76	2.19353	2.04108	3.98266	3.61196	1.85903	1.96601	1.89716	2.24865	1.95166
"1431_at"	2.86234	4.0783	3.41334	3.16953	3.29146	2.96105	3.56838	2.57475	2.71193	3.98922	3.2871	2.97778	3.17069	2.72798	3.14619	3.83155	2.74157	2.88558	3.27204	2.97797	2.89685	2.74688	2.58963	2.60612	2.43452	2.51844	2.37007	2.22846	2.44157
"1438_at"	4.90706	4.08985	4.38726	4.76682	4.02652	4.28085	3.83623	3.86183	4.66753	4.11957	4.12441	3.50487	3.72736	4.40986	3.65433	3.69673	3.63347	3.57349	3.70373	4.10313	4.02752	4.37908	3.36656	3.71358	3.30027	3.52671	3.79387	3.60859	3.7184
"1487_at"	6.19659	7.70012	6.43028	5.90094	6.37507	5.88721	5.97028	5.62733	6.19241	6.29959	5.60233	5.70055	5.77963	5.60445	5.52589	5.64301	5.68774	5.7581	5.31937	5.3511	7.46504	7.49441	6.35379	6.62375	7.44613	7.16632	7.08896	7.04549	7.02075
"1494_f_at"	4.28381	4.22776	4.46762	4.31792	4.32701	4.6421	4.72887	5.04211	4.27526	4.84374	4.31173	3.90401	4.57507	5.77934	4.38745	4.44751	5.04727	4.22632	4.34201	4.32727	4.25623	4.45872	4.20411	4.14656	3.99059	3.96675	4.2925	4.16982	4.0532
"1552256_a_at"	8.06768	5.67629	5.3826	5.36952	5.17289	5.00086	5.7965	6.19962	5.41819	5.08272	4.9807	5.63651	4.7532	4.80896	4.58455	5.15032	4.4708	5.18526	5.63338	5.45549	6.28095	6.43713	5.11308	5.38504	8.0774	8.03025	7.82675	8.0851	8.37636
"1552257_a_at"	6.09319	7.45061	6.71036	6.92797	6.84843	6.24185	6.95225	6.61358	6.88131	6.43417	6.18925	6.98048	7.51792	6.39537	5.96492	6.08894	6.06379	6.41661	6.56733	6.51063	7.61631	7.67686	7.66059	7.38022	8.29234	8.44655	9.31899	9.27	9.06181
"1552258_at"	4.6166	4.05161	3.58585	3.62881	4.00905	4.16844	3.46226	3.75182	3.4895	3.64425	4.12513	3.62242	3.28036	4.92326	3.36227	3.70434	3.46512	3.71513	3.93642	4.18574	3.87333	3.97344	4.36515	3.65932	3.76932	4.10957	3.76537	4.12832	3.82689
"1552261_at"	7.9874	4.63412	6.10778	4.35604	4.00905	5.58632	6.29944	4.55356	6.40178	5.0539	6.51662	5.19441	5.83714	3.46272	5.14476	6.96406	4.82512	5.9674	6.51894	4.50059	3.11353	3.1529	3.12009	3.26456	2.92212	2.55827	3.17937	3.28698	3.0314
"1552263_at"	3.15458	3.3929	3.21815	2.45624	2.91057	3.25516	2.86972	2.63158	3.05796	3.45086	3.11778	3.30488	3.46226	3.29497	3.34585	3.59128	4.05223	3.00096	2.98704	3.79801	5.41193	5.42673	5.76793	5.74122	5.88857	5.99006	5.73663	5.58139	4.98196
"1552264_a_at"	4.10403	4.53443	3.43202	3.43403	3.53771	4.21507	3.86957	4.29586	3.89917	3.49284	3.20583	4.41258	4.64034	4.31978	4.24024	4.04742	4.15716	3.65647	3.57983	3.86961	6.47549	6.188	6.5271	6.47865	6.38688	6.45307	6.32747	5.78331	5.73494
"1552266_at"	6.86296	2.28226	4.4112	2.42083	2.88927	5.0813	2.98214	4.50853	2.43658	3.51002	2.55929	2.82031	2.287	2.42083	2.49583	2.73522	2.28463	2.49344	2.47789	2.10882	1.85699	1.71102	1.8951	1.92154	1.709	1.8575	1.67923	1.84669	1.61141
